
Uplyniety czas;Aktualna temperatura;Moc wyjsciowa
0;20;0
5;19,8602;2 100
10;19,7238;618
15;19,5911;647,283
20;19,4622;679,474
25;19,3369;711,618
30;19,2152;743,705
35;19,0972;775,729
40;18,9827;807,681
45;18,8718;839,552
50;18,7645;871,336
55;18,6606;903,025
60;18,5603;934,611
65;18,4634;966,088
70;18,3699;997,447
75;18,2799;1 028,68
80;18,1931;1 059,79
85;18,1098;1 090,75
90;18,0297;1 121,58
95;17,9529;1 152,25
100;17,8794;1 182,76
105;17,8091;1 213,12
110;17,7419;1 243,3
115;17,6779;1 273,31
120;17,617;1 303,14
125;17,5592;1 332,79
130;17,5045;1 362,24
135;17,4527;1 391,5
140;17,404;1 420,55
145;17,3582;1 449,4
150;17,3152;1 478,04
155;17,2752;1 506,46
160;17,238;1 534,66
165;17,2036;1 562,64
170;17,172;1 590,39
175;17,1431;1 617,91
180;17,1168;1 645,18
185;17,0933;1 672,22
190;17,0724;1 699,02
195;17,054;1 725,56
200;17,0382;1 751,85
205;17,0249;1 777,89
210;17,0141;1 803,67
215;17,0057;1 829,19
220;16,9998;1 854,44
225;16,9961;1 879,43
230;16,9948;1 904,15
235;16,9958;1 928,59
240;16,9991;1 952,76
245;17,0045;1 976,65
250;17,0122;2 000,26
255;17,0219;2 023,6
260;17,0338;2 046,64
265;17,0477;2 069,4
270;17,0637;2 091,88
275;17,0816;2 114,06
280;17,1015;2 135,95
285;17,1233;2 157,56
290;17,147;2 178,86
295;17,1725;2 199,88
300;17,1998;2 220,59
305;17,2289;2 241,01
310;17,2597;2 261,14
315;17,2922;2 280,96
320;17,3263;2 300,48
325;17,3621;2 319,71
330;17,3994;2 338,63
335;17,4383;2 357,25
340;17,4787;2 375,57
345;17,5205;2 393,59
350;17,5638;2 411,31
355;17,6085;2 428,72
360;17,6546;2 445,83
365;17,702;2 462,64
370;17,7507;2 479,15
375;17,8006;2 495,36
380;17,8518;2 511,26
385;17,9041;2 526,87
390;17,9577;2 542,17
395;18,0123;2 557,17
400;18,068;2 571,88
405;18,1248;2 586,28
410;18,1826;2 600,39
415;18,2414;2 614,2
420;18,3011;2 627,72
425;18,3618;2 640,94
430;18,4234;2 653,86
435;18,4858;2 666,5
440;18,5491;2 678,84
445;18,6131;2 690,89
450;18,6779;2 702,65
455;18,7435;2 714,13
460;18,8097;2 725,31
465;18,8766;2 736,22
470;18,9442;2 746,84
475;19,0124;2 757,18
480;19,0812;2 767,24
485;19,1505;2 777,02
490;19,2203;2 786,52
495;19,2907;2 795,75
500;19,3615;2 804,71
505;19,4328;2 813,39
510;19,5045;2 821,81
515;19,5765;2 829,96
520;19,649;2 837,84
525;19,7217;2 845,46
530;19,7948;2 852,82
535;19,8682;2 859,93
540;19,9418;2 866,77
545;20,0157;2 873,36
550;20,0897;2 879,7
555;20,164;2 885,79
560;20,2384;2 891,64
565;20,3129;2 897,24
570;20,3876;2 902,59
575;20,4623;2 907,71
580;20,5371;2 912,59
585;20,612;2 917,23
590;20,6869;2 921,64
595;20,7618;2 925,82
600;20,8366;2 929,77
605;20,9115;2 933,5
610;20,9862;2 937,01
615;21,0609;2 940,29
620;21,1355;2 943,36
625;21,21;2 946,22
630;21,2843;2 948,86
635;21,3585;2 951,29
640;21,4325;2 953,52
645;21,5063;2 955,55
650;21,5799;2 957,37
655;21,6532;2 958,99
660;21,7263;2 960,43
665;21,7992;2 961,66
670;21,8717;2 962,71
675;21,944;2 963,57
680;22,016;2 964,25
685;22,0876;2 964,74
690;22,1589;2 965,06
695;22,2298;2 965,2
700;22,3004;2 965,17
705;22,3706;2 964,97
710;22,4404;2 964,6
715;22,5097;2 964,07
720;22,5787;2 963,37
725;22,6472;2 962,52
730;22,7153;2 961,51
735;22,7829;2 960,35
740;22,85;2 959,03
745;22,9166;2 957,57
750;22,9828;2 955,97
755;23,0484;2 954,22
760;23,1136;2 952,33
765;23,1782;2 950,31
770;23,2422;2 948,16
775;23,3057;2 945,87
780;23,3687;2 943,46
785;23,4311;2 940,92
790;23,4929;2 938,25
795;23,5542;2 935,47
800;23,6149;2 932,57
805;23,6749;2 929,56
810;23,7344;2 926,44
815;23,7933;2 923,21
820;23,8515;2 919,87
825;23,9091;2 916,42
830;23,9661;2 912,88
835;24,0225;2 909,24
840;24,0782;2 905,5
845;24,1332;2 901,67
850;24,1877;2 897,75
855;24,2414;2 893,75
860;24,2945;2 889,65
865;24,347;2 885,48
870;24,3987;2 881,22
875;24,4498;2 876,89
880;24,5002;2 872,48
885;24,55;2 868
890;24,599;2 863,45
895;24,6474;2 858,83
900;24,6951;2 854,15
905;24,7421;2 849,4
910;24,7884;2 844,59
915;24,834;2 839,73
920;24,8789;2 834,81
925;24,9231;2 829,83
930;24,9667;2 824,81
935;25,0095;2 819,73
940;25,0516;2 814,61
945;25,093;2 809,44
950;25,1338;2 804,23
955;25,1738;2 798,98
960;25,2131;2 793,7
965;25,2517;2 788,37
970;25,2896;2 783,02
975;25,3269;2 777,63
980;25,3634;2 772,21
985;25,3992;2 766,76
990;25,4343;2 761,29
995;25,4688;2 755,79
1 000;25,5025;2 750,27
1 005;25,5356;2 744,74
1 010;25,5679;2 739,18
1 015;25,5996;2 733,61
1 020;25,6306;2 728,02
1 025;25,6609;2 722,42
1 030;25,6905;2 716,81
1 035;25,7195;2 711,19
1 040;25,7477;2 705,57
1 045;25,7753;2 699,93
1 050;25,8023;2 694,3
1 055;25,8285;2 688,66
1 060;25,8542;2 683,02
1 065;25,8791;2 677,39
1 070;25,9034;2 671,75
1 075;25,927;2 666,12
1 080;25,95;2 660,49
1 085;25,9724;2 654,88
1 090;25,9941;2 649,27
1 095;26,0152;2 643,67
1 100;26,0356;2 638,08
1 105;26,0554;2 632,51
1 110;26,0746;2 626,95
1 115;26,0932;2 621,4
1 120;26,1112;2 615,88
1 125;26,1286;2 610,37
1 130;26,1453;2 604,88
1 135;26,1615;2 599,41
1 140;26,1771;2 593,96
1 145;26,192;2 588,54
1 150;26,2064;2 583,14
1 155;26,2203;2 577,76
1 160;26,2335;2 572,42
1 165;26,2462;2 567,09
1 170;26,2584;2 561,8
1 175;26,2699;2 556,54
1 180;26,281;2 551,31
1 185;26,2915;2 546,11
1 190;26,3014;2 540,94
1 195;26,3109;2 535,81
1 200;26,3197;2 530,71
1 205;26,3281;2 525,65
1 210;26,336;2 520,62
1 215;26,3434;2 515,63
1 220;26,3502;2 510,68
1 225;26,3566;2 505,77
1 230;26,3625;2 500,89
1 235;26,3679;2 496,06
1 240;26,3728;2 491,27
1 245;26,3773;2 486,52
1 250;26,3813;2 481,81
1 255;26,3848;2 477,14
1 260;26,3879;2 472,52
1 265;26,3905;2 467,94
1 270;26,3927;2 463,41
1 275;26,3945;2 458,92
1 280;26,3959;2 454,47
1 285;26,3968;2 450,08
1 290;26,3973;2 445,73
1 295;26,3975;2 441,42
1 300;26,3972;2 437,17
1 305;26,3965;2 432,96
1 310;26,3955;2 428,8
1 315;26,394;2 424,69
1 320;26,3922;2 420,63
1 325;26,3901;2 416,62
1 330;26,3876;2 412,66
1 335;26,3847;2 408,75
1 340;26,3815;2 404,89
1 345;26,3779;2 401,08
1 350;26,374;2 397,32
1 355;26,3698;2 393,62
1 360;26,3653;2 389,96
1 365;26,3604;2 386,36
1 370;26,3553;2 382,81
1 375;26,3498;2 379,31
1 380;26,3441;2 375,86
1 385;26,338;2 372,47
1 390;26,3317;2 369,12
1 395;26,3251;2 365,83
1 400;26,3183;2 362,6
1 405;26,3112;2 359,41
1 410;26,3038;2 356,28
1 415;26,2962;2 353,2
1 420;26,2883;2 350,17
1 425;26,2802;2 347,2
1 430;26,2719;2 344,28
1 435;26,2633;2 341,41
1 440;26,2545;2 338,59
1 445;26,2456;2 335,83
1 450;26,2364;2 333,12
1 455;26,227;2 330,46
1 460;26,2174;2 327,86
1 465;26,2076;2 325,3
1 470;26,1977;2 322,8
1 475;26,1875;2 320,35
1 480;26,1772;2 317,95
1 485;26,1667;2 315,61
1 490;26,1561;2 313,31
1 495;26,1453;2 311,07
1 500;26,1344;2 308,88
1 505;26,1233;2 306,74
1 510;26,1121;2 304,65
1 515;26,1007;2 302,6
1 520;26,0893;2 300,61
1 525;26,0777;2 298,67
1 530;26,066;2 296,78
1 535;26,0541;2 294,94
1 540;26,0422;2 293,15
1 545;26,0302;2 291,41
1 550;26,0181;2 289,71
1 555;26,0058;2 288,06
1 560;25,9935;2 286,47
1 565;25,9812;2 284,91
1 570;25,9687;2 283,41
1 575;25,9562;2 281,95
1 580;25,9436;2 280,54
1 585;25,9309;2 279,18
1 590;25,9182;2 277,86
1 595;25,9054;2 276,58
1 600;25,8926;2 275,36
1 605;25,8797;2 274,17
1 610;25,8668;2 273,03
1 615;25,8539;2 271,94
1 620;25,8409;2 270,88
1 625;25,8279;2 269,88
1 630;25,8149;2 268,91
1 635;25,8019;2 267,98
1 640;25,7888;2 267,1
1 645;25,7758;2 266,26
1 650;25,7627;2 265,46
1 655;25,7496;2 264,7
1 660;25,7365;2 263,98
1 665;25,7235;2 263,3
1 670;25,7104;2 262,66
1 675;25,6974;2 262,06
1 680;25,6843;2 261,49
1 685;25,6713;2 260,97
1 690;25,6583;2 260,48
1 695;25,6454;2 260,03
1 700;25,6324;2 259,61
1 705;25,6195;2 259,23
1 710;25,6066;2 258,89
1 715;25,5938;2 258,58
1 720;25,581;2 258,3
1 725;25,5682;2 258,06
1 730;25,5555;2 257,85
1 735;25,5429;2 257,68
1 740;25,5303;2 257,54
1 745;25,5177;2 257,43
1 750;25,5052;2 257,35
1 755;25,4928;2 257,3
1 760;25,4804;2 257,28
1 765;25,4681;2 257,3
1 770;25,4559;2 257,34
1 775;25,4437;2 257,41
1 780;25,4317;2 257,51
1 785;25,4196;2 257,64
1 790;25,4077;2 257,8
1 795;25,3958;2 257,98
1 800;25,3841;2 258,19
1 805;25,3724;2 258,43
1 810;25,3607;2 258,69
1 815;25,3492;2 258,97
1 820;25,3378;2 259,28
1 825;25,3264;2 259,62
1 830;25,3152;2 259,98
1 835;25,304;2 260,36
1 840;25,293;2 260,77
1 845;25,282;2 261,19
1 850;25,2711;2 261,64
1 855;25,2604;2 262,11
1 860;25,2497;2 262,6
1 865;25,2391;2 263,11
1 870;25,2287;2 263,64
1 875;25,2183;2 264,2
1 880;25,2081;2 264,76
1 885;25,1979;2 265,35
1 890;25,1879;2 265,96
1 895;25,178;2 266,58
1 900;25,1682;2 267,22
1 905;25,1585;2 267,88
1 910;25,1489;2 268,55
1 915;25,1394;2 269,24
1 920;25,1301;2 269,94
1 925;25,1208;2 270,66
1 930;25,1117;2 271,39
1 935;25,1027;2 272,14
1 940;25,0938;2 272,9
1 945;25,085;2 273,67
1 950;25,0764;2 274,46
1 955;25,0678;2 275,25
1 960;25,0594;2 276,06
1 965;25,0511;2 276,88
1 970;25,043;2 277,71
1 975;25,0349;2 278,56
1 980;25,027;2 279,41
1 985;25,0192;2 280,27
1 990;25,0115;2 281,14
1 995;25,0039;2 282,02
2 000;24,9965;2 282,91
2 005;24,9891;2 283,8
2 010;24,9819;2 284,71
2 015;24,9749;2 285,62
2 020;24,9679;2 286,54
2 025;24,9611;2 287,46
2 030;24,9544;2 288,39
2 035;24,9478;2 289,33
2 040;24,9413;2 290,27
2 045;24,935;2 291,22
2 050;24,9287;2 292,17
2 055;24,9226;2 293,13
2 060;24,9167;2 294,09
2 065;24,9108;2 295,05
2 070;24,9051;2 296,02
2 075;24,8994;2 296,99
2 080;24,8939;2 297,96
2 085;24,8886;2 298,94
2 090;24,8833;2 299,92
2 095;24,8782;2 300,9
2 100;24,8731;2 301,88
2 105;24,8682;2 302,86
2 110;24,8634;2 303,84
2 115;24,8588;2 304,83
2 120;24,8542;2 305,81
2 125;24,8498;2 306,8
2 130;24,8454;2 307,78
2 135;24,8412;2 308,76
2 140;24,8371;2 309,75
2 145;24,8331;2 310,73
2 150;24,8293;2 311,71
2 155;24,8255;2 312,69
2 160;24,8219;2 313,67
2 165;24,8183;2 314,64
2 170;24,8149;2 315,61
2 175;24,8116;2 316,58
2 180;24,8083;2 317,55
2 185;24,8052;2 318,51
2 190;24,8022;2 319,47
2 195;24,7993;2 320,43
2 200;24,7965;2 321,39
2 205;24,7938;2 322,34
2 210;24,7913;2 323,28
2 215;24,7888;2 324,22
2 220;24,7864;2 325,16
2 225;24,7841;2 326,09
2 230;24,7819;2 327,02
2 235;24,7798;2 327,94
2 240;24,7778;2 328,86
2 245;24,7759;2 329,77
2 250;24,7741;2 330,68
2 255;24,7724;2 331,58
2 260;24,7708;2 332,47
2 265;24,7692;2 333,36
2 270;24,7678;2 334,24
2 275;24,7664;2 335,12
2 280;24,7652;2 335,99
2 285;24,764;2 336,85
2 290;24,7629;2 337,71
2 295;24,7619;2 338,56
2 300;24,761;2 339,4
2 305;24,7601;2 340,23
2 310;24,7594;2 341,06
2 315;24,7587;2 341,88
2 320;24,7581;2 342,69
2 325;24,7576;2 343,5
2 330;24,7571;2 344,3
2 335;24,7568;2 345,09
2 340;24,7565;2 345,87
2 345;24,7563;2 346,64
2 350;24,7561;2 347,41
2 355;24,7561;2 348,16
2 360;24,7561;2 348,91
2 365;24,7561;2 349,65
2 370;24,7562;2 350,39
2 375;24,7564;2 351,11
2 380;24,7567;2 351,82
2 385;24,757;2 352,53
2 390;24,7574;2 353,23
2 395;24,7579;2 353,92
2 400;24,7584;2 354,6
2 405;24,759;2 355,27
2 410;24,7596;2 355,93
2 415;24,7603;2 356,59
2 420;24,7611;2 357,23
2 425;24,7619;2 357,87
2 430;24,7627;2 358,49
2 435;24,7636;2 359,11
2 440;24,7646;2 359,72
2 445;24,7656;2 360,32
2 450;24,7667;2 360,91
2 455;24,7678;2 361,49
2 460;24,769;2 362,06
2 465;24,7702;2 362,63
2 470;24,7714;2 363,18
2 475;24,7727;2 363,72
2 480;24,7741;2 364,26
2 485;24,7755;2 364,79
2 490;24,7769;2 365,3
2 495;24,7783;2 365,81
2 500;24,7798;2 366,31
2 505;24,7814;2 366,8
2 510;24,783;2 367,28
2 515;24,7846;2 367,75
2 520;24,7862;2 368,21
2 525;24,7879;2 368,66
2 530;24,7896;2 369,11
2 535;24,7914;2 369,54
2 540;24,7931;2 369,97
2 545;24,795;2 370,38
2 550;24,7968;2 370,79
2 555;24,7987;2 371,19
2 560;24,8005;2 371,58
2 565;24,8025;2 371,96
2 570;24,8044;2 372,33
2 575;24,8064;2 372,69
2 580;24,8083;2 373,05
2 585;24,8104;2 373,39
2 590;24,8124;2 373,73
2 595;24,8144;2 374,06
2 600;24,8165;2 374,38
2 605;24,8186;2 374,69
2 610;24,8207;2 374,99
2 615;24,8228;2 375,28
2 620;24,825;2 375,57
2 625;24,8271;2 375,84
2 630;24,8293;2 376,11
2 635;24,8314;2 376,37
2 640;24,8336;2 376,63
2 645;24,8358;2 376,87
2 650;24,8381;2 377,11
2 655;24,8403;2 377,33
2 660;24,8425;2 377,56
2 665;24,8447;2 377,77
2 670;24,847;2 377,97
2 675;24,8493;2 378,17
2 680;24,8515;2 378,36
2 685;24,8538;2 378,54
2 690;24,856;2 378,71
2 695;24,8583;2 378,88
2 700;24,8606;2 379,04
2 705;24,8629;2 379,19
2 710;24,8652;2 379,34
2 715;24,8674;2 379,48
2 720;24,8697;2 379,61
2 725;24,872;2 379,73
2 730;24,8743;2 379,85
2 735;24,8766;2 379,96
2 740;24,8788;2 380,06
2 745;24,8811;2 380,16
2 750;24,8834;2 380,25
2 755;24,8857;2 380,33
2 760;24,8879;2 380,41
2 765;24,8902;2 380,48
2 770;24,8924;2 380,54
2 775;24,8947;2 380,6
2 780;24,8969;2 380,66
2 785;24,8991;2 380,7
2 790;24,9014;2 380,74
2 795;24,9036;2 380,78
2 800;24,9058;2 380,81
2 805;24,908;2 380,83
2 810;24,9102;2 380,85
2 815;24,9124;2 380,86
2 820;24,9145;2 380,87
2 825;24,9167;2 380,87
2 830;24,9188;2 380,87
2 835;24,921;2 380,86
2 840;24,9231;2 380,84
2 845;24,9252;2 380,82
2 850;24,9273;2 380,8
2 855;24,9294;2 380,77
2 860;24,9314;2 380,74
2 865;24,9335;2 380,7
2 870;24,9355;2 380,66
2 875;24,9375;2 380,61
2 880;24,9395;2 380,56
2 885;24,9415;2 380,51
2 890;24,9435;2 380,45
2 895;24,9455;2 380,38
2 900;24,9474;2 380,31
2 905;24,9493;2 380,24
2 910;24,9513;2 380,17
2 915;24,9532;2 380,09
2 920;24,955;2 380
2 925;24,9569;2 379,92
2 930;24,9587;2 379,83
2 935;24,9605;2 379,73
2 940;24,9623;2 379,64
2 945;24,9641;2 379,54
2 950;24,9659;2 379,43
2 955;24,9676;2 379,33
2 960;24,9694;2 379,22
2 965;24,9711;2 379,1
2 970;24,9728;2 378,99
2 975;24,9744;2 378,87
2 980;24,9761;2 378,75
2 985;24,9777;2 378,63
2 990;24,9793;2 378,5
2 995;24,9809;2 378,37
3 000;24,9825;2 378,24
3 005;24,984;2 378,11
3 010;24,9855;2 377,97
3 015;24,9871;2 377,84
3 020;24,9885;2 377,7
3 025;24,99;2 377,55
3 030;24,9914;2 377,41
3 035;24,9929;2 377,26
3 040;24,9943;2 377,12
3 045;24,9956;2 376,97
3 050;24,997;2 376,82
3 055;24,9983;2 376,67
3 060;24,9997;2 376,51
3 065;25,0009;2 376,36
3 070;25,0022;2 376,2
3 075;25,0035;2 376,04
3 080;25,0047;2 375,88
3 085;25,0059;2 375,72
3 090;25,0071;2 375,56
3 095;25,0083;2 375,4
3 100;25,0094;2 375,23
3 105;25,0105;2 375,07
3 110;25,0116;2 374,9
3 115;25,0127;2 374,74
3 120;25,0138;2 374,57
3 125;25,0148;2 374,4
3 130;25,0158;2 374,23
3 135;25,0168;2 374,06
3 140;25,0178;2 373,89
3 145;25,0188;2 373,72
3 150;25,0197;2 373,55
3 155;25,0206;2 373,38
3 160;25,0215;2 373,21
3 165;25,0224;2 373,04
3 170;25,0232;2 372,87
3 175;25,0241;2 372,7
3 180;25,0249;2 372,52
3 185;25,0257;2 372,35
3 190;25,0264;2 372,18
3 195;25,0272;2 372,01
3 200;25,0279;2 371,84
3 205;25,0286;2 371,67
3 210;25,0293;2 371,49
3 215;25,03;2 371,32
3 220;25,0306;2 371,15
3 225;25,0313;2 370,98
3 230;25,0319;2 370,81
3 235;25,0325;2 370,64
3 240;25,033;2 370,47
3 245;25,0336;2 370,3
3 250;25,0341;2 370,14
3 255;25,0347;2 369,97
3 260;25,0352;2 369,8
3 265;25,0356;2 369,64
3 270;25,0361;2 369,47
3 275;25,0366;2 369,3
3 280;25,037;2 369,14
3 285;25,0374;2 368,98
3 290;25,0378;2 368,81
3 295;25,0382;2 368,65
3 300;25,0385;2 368,49
3 305;25,0389;2 368,33
3 310;25,0392;2 368,17
3 315;25,0395;2 368,02
3 320;25,0398;2 367,86
3 325;25,0401;2 367,7
3 330;25,0404;2 367,55
3 335;25,0406;2 367,39
3 340;25,0408;2 367,24
3 345;25,0411;2 367,09
3 350;25,0413;2 366,94
3 355;25,0414;2 366,79
3 360;25,0416;2 366,64
3 365;25,0418;2 366,5
3 370;25,0419;2 366,35
3 375;25,042;2 366,21
3 380;25,0422;2 366,06
3 385;25,0423;2 365,92
3 390;25,0423;2 365,78
3 395;25,0424;2 365,64
3 400;25,0425;2 365,5
3 405;25,0425;2 365,37
3 410;25,0426;2 365,23
3 415;25,0426;2 365,1
3 420;25,0426;2 364,97
3 425;25,0426;2 364,84
3 430;25,0426;2 364,71
3 435;25,0426;2 364,58
3 440;25,0425;2 364,46
3 445;25,0425;2 364,33
3 450;25,0424;2 364,21
3 455;25,0423;2 364,09
3 460;25,0422;2 363,97
3 465;25,0422;2 363,85
3 470;25,0421;2 363,73
3 475;25,0419;2 363,62
3 480;25,0418;2 363,5
3 485;25,0417;2 363,39
3 490;25,0415;2 363,28
3 495;25,0414;2 363,17
3 500;25,0412;2 363,06
3 505;25,0411;2 362,96
3 510;25,0409;2 362,85
3 515;25,0407;2 362,75
3 520;25,0405;2 362,65
3 525;25,0403;2 362,55
3 530;25,0401;2 362,45
3 535;25,0398;2 362,36
3 540;25,0396;2 362,26
3 545;25,0394;2 362,17
3 550;25,0391;2 362,08
3 555;25,0389;2 361,99
3 560;25,0386;2 361,9
3 565;25,0384;2 361,81
3 570;25,0381;2 361,73
3 575;25,0378;2 361,65
3 580;25,0375;2 361,56
3 585;25,0372;2 361,48
3 590;25,0369;2 361,4
3 595;25,0366;2 361,33
3 600;25,0363;2 361,25
3 605;25,036;2 361,18
3 610;25,0357;2 361,11
3 615;25,0354;2 361,04
3 620;25,0351;2 360,97
3 625;25,0347;2 360,9
3 630;25,0344;2 360,83
3 635;25,0341;2 360,77
3 640;25,0337;2 360,71
3 645;25,0334;2 360,64
3 650;25,033;2 360,58
3 655;25,0327;2 360,53
3 660;25,0323;2 360,47
3 665;25,0319;2 360,41
3 670;25,0316;2 360,36
3 675;25,0312;2 360,31
3 680;25,0308;2 360,26
3 685;25,0305;2 360,21
3 690;25,0301;2 360,16
3 695;25,0297;2 360,11
3 700;25,0293;2 360,07
3 705;25,0289;2 360,02
3 710;25,0286;2 359,98
3 715;25,0282;2 359,94
3 720;25,0278;2 359,9
3 725;25,0274;2 359,86
3 730;25,027;2 359,83
3 735;25,0266;2 359,79
3 740;25,0262;2 359,76
3 745;25,0258;2 359,72
3 750;25,0254;2 359,69
3 755;25,025;2 359,66
3 760;25,0246;2 359,63
3 765;25,0242;2 359,61
3 770;25,0238;2 359,58
3 775;25,0234;2 359,55
3 780;25,023;2 359,53
3 785;25,0226;2 359,51
3 790;25,0222;2 359,49
3 795;25,0218;2 359,47
3 800;25,0214;2 359,45
3 805;25,021;2 359,43
3 810;25,0207;2 359,41
3 815;25,0203;2 359,4
3 820;25,0199;2 359,38
3 825;25,0195;2 359,37
3 830;25,0191;2 359,36
3 835;25,0187;2 359,35
3 840;25,0183;2 359,34
3 845;25,0179;2 359,33
3 850;25,0175;2 359,32
3 855;25,0171;2 359,31
3 860;25,0167;2 359,31
3 865;25,0163;2 359,3
3 870;25,016;2 359,3
3 875;25,0156;2 359,3
3 880;25,0152;2 359,29
3 885;25,0148;2 359,29
3 890;25,0145;2 359,29
3 895;25,0141;2 359,29
3 900;25,0137;2 359,3
3 905;25,0133;2 359,3
3 910;25,013;2 359,3
3 915;25,0126;2 359,31
3 920;25,0122;2 359,31
3 925;25,0119;2 359,32
3 930;25,0115;2 359,32
3 935;25,0112;2 359,33
3 940;25,0108;2 359,34
3 945;25,0105;2 359,35
3 950;25,0101;2 359,36
3 955;25,0098;2 359,37
3 960;25,0094;2 359,38
3 965;25,0091;2 359,39
3 970;25,0088;2 359,41
3 975;25,0084;2 359,42
3 980;25,0081;2 359,43
3 985;25,0078;2 359,45
3 990;25,0074;2 359,46
3 995;25,0071;2 359,48
4 000;25,0068;2 359,5
4 005;25,0065;2 359,51
4 010;25,0062;2 359,53
4 015;25,0059;2 359,55
4 020;25,0056;2 359,57
4 025;25,0053;2 359,59
4 030;25,005;2 359,61
4 035;25,0047;2 359,63
4 040;25,0044;2 359,65
4 045;25,0041;2 359,67
4 050;25,0038;2 359,69
4 055;25,0035;2 359,71
4 060;25,0033;2 359,74
4 065;25,003;2 359,76
4 070;25,0027;2 359,78
4 075;25,0025;2 359,81
4 080;25,0022;2 359,83
4 085;25,0019;2 359,85
4 090;25,0017;2 359,88
4 095;25,0014;2 359,9
4 100;25,0012;2 359,93
4 105;25,0009;2 359,96
4 110;25,0007;2 359,98
4 115;25,0005;2 360,01
4 120;25,0002;2 360,03
4 125;25;2 360,06
4 130;24,9998;2 360,09
4 135;24,9996;2 360,12
4 140;24,9993;2 360,14
4 145;24,9991;2 360,17
4 150;24,9989;2 360,2
4 155;24,9987;2 360,23
4 160;24,9985;2 360,26
4 165;24,9983;2 360,29
4 170;24,9981;2 360,31
4 175;24,9979;2 360,34
4 180;24,9977;2 360,37
4 185;24,9975;2 360,4
4 190;24,9974;2 360,43
4 195;24,9972;2 360,46
4 200;24,997;2 360,49
4 205;24,9968;2 360,52
4 210;24,9967;2 360,55
4 215;24,9965;2 360,58
4 220;24,9964;2 360,61
4 225;24,9962;2 360,64
4 230;24,9961;2 360,67
4 235;24,9959;2 360,7
4 240;24,9958;2 360,73
4 245;24,9956;2 360,76
4 250;24,9955;2 360,79
4 255;24,9954;2 360,82
4 260;24,9952;2 360,85
4 265;24,9951;2 360,88
4 270;24,995;2 360,91
4 275;24,9949;2 360,94
4 280;24,9947;2 360,97
4 285;24,9946;2 361
4 290;24,9945;2 361,03
4 295;24,9944;2 361,06
4 300;24,9943;2 361,09
4 305;24,9942;2 361,12
4 310;24,9941;2 361,15
4 315;24,994;2 361,18
4 320;24,9939;2 361,2
4 325;24,9938;2 361,23
4 330;24,9938;2 361,26
4 335;24,9937;2 361,29
4 340;24,9936;2 361,32
4 345;24,9935;2 361,35
4 350;24,9935;2 361,38
4 355;24,9934;2 361,41
4 360;24,9933;2 361,43
4 365;24,9933;2 361,46
4 370;24,9932;2 361,49
4 375;24,9931;2 361,52
4 380;24,9931;2 361,54
4 385;24,993;2 361,57
4 390;24,993;2 361,6
4 395;24,9929;2 361,63
4 400;24,9929;2 361,65
4 405;24,9929;2 361,68
4 410;24,9928;2 361,71
4 415;24,9928;2 361,73
4 420;24,9928;2 361,76
4 425;24,9927;2 361,78
4 430;24,9927;2 361,81
4 435;24,9927;2 361,83
4 440;24,9927;2 361,86
4 445;24,9926;2 361,89
4 450;24,9926;2 361,91
4 455;24,9926;2 361,93
4 460;24,9926;2 361,96
4 465;24,9926;2 361,98
4 470;24,9926;2 362,01
4 475;24,9926;2 362,03
4 480;24,9926;2 362,05
4 485;24,9926;2 362,08
4 490;24,9926;2 362,1
4 495;24,9926;2 362,12
4 500;24,9926;2 362,14
4 505;24,9926;2 362,16
4 510;24,9926;2 362,19
4 515;24,9926;2 362,21
4 520;24,9926;2 362,23
4 525;24,9926;2 362,25
4 530;24,9927;2 362,27
4 535;24,9927;2 362,29
4 540;24,9927;2 362,31
4 545;24,9927;2 362,33
4 550;24,9927;2 362,35
4 555;24,9928;2 362,37
4 560;24,9928;2 362,39
4 565;24,9928;2 362,41
4 570;24,9928;2 362,42
4 575;24,9929;2 362,44
4 580;24,9929;2 362,46
4 585;24,9929;2 362,48
4 590;24,993;2 362,5
4 595;24,993;2 362,51
4 600;24,9931;2 362,53
4 605;24,9931;2 362,55
4 610;24,9931;2 362,56
4 615;24,9932;2 362,58
4 620;24,9932;2 362,59
4 625;24,9933;2 362,61
4 630;24,9933;2 362,62
4 635;24,9934;2 362,64
4 640;24,9934;2 362,65
4 645;24,9935;2 362,67
4 650;24,9935;2 362,68
4 655;24,9936;2 362,69
4 660;24,9936;2 362,71
4 665;24,9937;2 362,72
4 670;24,9937;2 362,73
4 675;24,9938;2 362,75
4 680;24,9938;2 362,76
4 685;24,9939;2 362,77
4 690;24,994;2 362,78
4 695;24,994;2 362,79
4 700;24,9941;2 362,8
4 705;24,9941;2 362,82
4 710;24,9942;2 362,83
4 715;24,9943;2 362,84
4 720;24,9943;2 362,85
4 725;24,9944;2 362,86
4 730;24,9944;2 362,87
4 735;24,9945;2 362,88
4 740;24,9946;2 362,88
4 745;24,9946;2 362,89
4 750;24,9947;2 362,9
4 755;24,9948;2 362,91
4 760;24,9948;2 362,92
4 765;24,9949;2 362,93
4 770;24,995;2 362,93
4 775;24,995;2 362,94
4 780;24,9951;2 362,95
4 785;24,9952;2 362,96
4 790;24,9952;2 362,96
4 795;24,9953;2 362,97
4 800;24,9954;2 362,97
4 805;24,9954;2 362,98
4 810;24,9955;2 362,99
4 815;24,9956;2 362,99
4 820;24,9957;2 363
4 825;24,9957;2 363
4 830;24,9958;2 363,01
4 835;24,9959;2 363,01
4 840;24,9959;2 363,01
4 845;24,996;2 363,02
4 850;24,9961;2 363,02
4 855;24,9961;2 363,03
4 860;24,9962;2 363,03
4 865;24,9963;2 363,03
4 870;24,9963;2 363,04
4 875;24,9964;2 363,04
4 880;24,9965;2 363,04
4 885;24,9965;2 363,05
4 890;24,9966;2 363,05
4 895;24,9967;2 363,05
4 900;24,9967;2 363,05
4 905;24,9968;2 363,05
4 910;24,9969;2 363,05
4 915;24,997;2 363,06
4 920;24,997;2 363,06
4 925;24,9971;2 363,06
4 930;24,9972;2 363,06
4 935;24,9972;2 363,06
4 940;24,9973;2 363,06
4 945;24,9974;2 363,06
4 950;24,9974;2 363,06
4 955;24,9975;2 363,06
4 960;24,9976;2 363,06
4 965;24,9976;2 363,06
4 970;24,9977;2 363,06
4 975;24,9977;2 363,06
4 980;24,9978;2 363,06
4 985;24,9979;2 363,06
4 990;24,9979;2 363,06
4 995;24,998;2 363,05
5 000;24,9981;2 363,05
5 005;24,9981;2 363,05
5 010;24,9982;2 363,05
5 015;24,9982;2 363,05
5 020;24,9983;2 363,05
5 025;24,9984;2 363,04
5 030;24,9984;2 363,04
5 035;24,9985;2 363,04
5 040;24,9985;2 363,04
5 045;24,9986;2 363,04
5 050;24,9987;2 363,03
5 055;24,9987;2 363,03
5 060;24,9988;2 363,03
5 065;24,9988;2 363,02
5 070;24,9989;2 363,02
5 075;24,9989;2 363,02
5 080;24,999;2 363,02
5 085;24,999;2 363,01
5 090;24,9991;2 363,01
5 095;24,9991;2 363,01
5 100;24,9992;2 363
5 105;24,9992;2 363
5 110;24,9993;2 362,99
5 115;24,9993;2 362,99
5 120;24,9994;2 362,99
5 125;24,9994;2 362,98
5 130;24,9995;2 362,98
5 135;24,9995;2 362,97
5 140;24,9996;2 362,97
5 145;24,9996;2 362,97
5 150;24,9997;2 362,96
5 155;24,9997;2 362,96
5 160;24,9998;2 362,95
5 165;24,9998;2 362,95
5 170;24,9998;2 362,94
5 175;24,9999;2 362,94
5 180;24,9999;2 362,94
5 185;25;2 362,93
5 190;25;2 362,93
5 195;25;2 362,92
5 200;25,0001;2 362,92
5 205;25,0001;2 362,91
5 210;25,0002;2 362,91
5 215;25,0002;2 362,9
5 220;25,0002;2 362,9
5 225;25,0003;2 362,89
5 230;25,0003;2 362,89
5 235;25,0003;2 362,88
5 240;25,0004;2 362,88
5 245;25,0004;2 362,87
5 250;25,0004;2 362,87
5 255;25,0005;2 362,86
5 260;25,0005;2 362,86
5 265;25,0005;2 362,85
5 270;25,0006;2 362,85
5 275;25,0006;2 362,84
5 280;25,0006;2 362,83
5 285;25,0006;2 362,83
5 290;25,0007;2 362,82
5 295;25,0007;2 362,82
5 300;25,0007;2 362,81
5 305;25,0007;2 362,81
5 310;25,0008;2 362,8
5 315;25,0008;2 362,8
5 320;25,0008;2 362,79
5 325;25,0008;2 362,79
5 330;25,0009;2 362,78
5 335;25,0009;2 362,78
5 340;25,0009;2 362,77
5 345;25,0009;2 362,77
5 350;25,0009;2 362,76
5 355;25,001;2 362,76
5 360;25,001;2 362,75
5 365;25,001;2 362,75
5 370;25,001;2 362,74
5 375;25,001;2 362,74
5 380;25,001;2 362,73
5 385;25,0011;2 362,73
5 390;25,0011;2 362,72
5 395;25,0011;2 362,72
5 400;25,0011;2 362,71
5 405;25,0011;2 362,71
5 410;25,0011;2 362,7
5 415;25,0011;2 362,7
5 420;25,0012;2 362,69
5 425;25,0012;2 362,69
5 430;25,0012;2 362,68
5 435;25,0012;2 362,68
5 440;25,0012;2 362,67
5 445;25,0012;2 362,67
5 450;25,0012;2 362,66
5 455;25,0012;2 362,66
5 460;25,0012;2 362,65
5 465;25,0012;2 362,65
5 470;25,0012;2 362,64
5 475;25,0013;2 362,64
5 480;25,0013;2 362,63
5 485;25,0013;2 362,63
5 490;25,0013;2 362,62
5 495;25,0013;2 362,62
5 500;25,0013;2 362,62
5 505;25,0013;2 362,61
5 510;25,0013;2 362,61
5 515;25,0013;2 362,6
5 520;25,0013;2 362,6
5 525;25,0013;2 362,59
5 530;25,0013;2 362,59
5 535;25,0013;2 362,59
5 540;25,0013;2 362,58
5 545;25,0013;2 362,58
5 550;25,0013;2 362,57
5 555;25,0013;2 362,57
5 560;25,0013;2 362,57
5 565;25,0013;2 362,56
5 570;25,0013;2 362,56
5 575;25,0013;2 362,55
5 580;25,0013;2 362,55
5 585;25,0013;2 362,55
5 590;25,0013;2 362,54
5 595;25,0013;2 362,54
5 600;25,0013;2 362,54
5 605;25,0013;2 362,53
5 610;25,0013;2 362,53
5 615;25,0013;2 362,53
5 620;25,0013;2 362,52
5 625;25,0013;2 362,52
5 630;25,0013;2 362,52
5 635;25,0012;2 362,51
5 640;25,0012;2 362,51
5 645;25,0012;2 362,51
5 650;25,0012;2 362,5
5 655;25,0012;2 362,5
5 660;25,0012;2 362,5
5 665;25,0012;2 362,49
5 670;25,0012;2 362,49
5 675;25,0012;2 362,49
5 680;25,0012;2 362,49
5 685;25,0012;2 362,48
5 690;25,0012;2 362,48
5 695;25,0012;2 362,48
5 700;25,0012;2 362,48
5 705;25,0012;2 362,47
5 710;25,0011;2 362,47
5 715;25,0011;2 362,47
5 720;25,0011;2 362,47
5 725;25,0011;2 362,46
5 730;25,0011;2 362,46
5 735;25,0011;2 362,46
5 740;25,0011;2 362,46
5 745;25,0011;2 362,45
5 750;25,0011;2 362,45
5 755;25,0011;2 362,45
5 760;25,001;2 362,45
5 765;25,001;2 362,45
5 770;25,001;2 362,44
5 775;25,001;2 362,44
5 780;25,001;2 362,44
5 785;25,001;2 362,44
5 790;25,001;2 362,44
5 795;25,001;2 362,44
5 800;25,001;2 362,43
5 805;25,0009;2 362,43
5 810;25,0009;2 362,43
5 815;25,0009;2 362,43
5 820;25,0009;2 362,43
5 825;25,0009;2 362,43
5 830;25,0009;2 362,43
5 835;25,0009;2 362,42
5 840;25,0009;2 362,42
5 845;25,0009;2 362,42
5 850;25,0008;2 362,42
5 855;25,0008;2 362,42
5 860;25,0008;2 362,42
5 865;25,0008;2 362,42
5 870;25,0008;2 362,42
5 875;25,0008;2 362,41
5 880;25,0008;2 362,41
5 885;25,0008;2 362,41
5 890;25,0008;2 362,41
5 895;25,0007;2 362,41
5 900;25,0007;2 362,41
5 905;25,0007;2 362,41
5 910;25,0007;2 362,41
5 915;25,0007;2 362,41
5 920;25,0007;2 362,41
5 925;25,0007;2 362,41
5 930;25,0007;2 362,41
5 935;25,0006;2 362,4
5 940;25,0006;2 362,4
5 945;25,0006;2 362,4
5 950;25,0006;2 362,4
5 955;25,0006;2 362,4
5 960;25,0006;2 362,4
5 965;25,0006;2 362,4
5 970;25,0006;2 362,4
5 975;25,0006;2 362,4
5 980;25,0005;2 362,4
5 985;25,0005;2 362,4
5 990;25,0005;2 362,4
5 995;25,0005;2 362,4
6 000;25,0005;2 362,4
6 005;25,0005;2 362,4
6 010;25,0005;2 362,4
6 015;25,0005;2 362,4
6 020;25,0005;2 362,4
6 025;25,0004;2 362,4
6 030;25,0004;2 362,4
6 035;25,0004;2 362,4
6 040;25,0004;2 362,4
6 045;25,0004;2 362,4
6 050;25,0004;2 362,4
6 055;25,0004;2 362,4
6 060;25,0004;2 362,4
6 065;25,0004;2 362,4
6 070;25,0003;2 362,4
6 075;25,0003;2 362,4
6 080;25,0003;2 362,4
6 085;25,0003;2 362,4
6 090;25,0003;2 362,4
6 095;25,0003;2 362,4
6 100;25,0003;2 362,4
6 105;25,0003;2 362,4
6 110;25,0003;2 362,4
6 115;25,0002;2 362,4
6 120;25,0002;2 362,4
6 125;25,0002;2 362,41
6 130;25,0002;2 362,41
6 135;25,0002;2 362,41
6 140;25,0002;2 362,41
6 145;25,0002;2 362,41
6 150;25,0002;2 362,41
6 155;25,0002;2 362,41
6 160;25,0002;2 362,41
6 165;25,0001;2 362,41
6 170;25,0001;2 362,41
6 175;25,0001;2 362,41
6 180;25,0001;2 362,41
6 185;25,0001;2 362,41
6 190;25,0001;2 362,41
6 195;25,0001;2 362,41
6 200;25,0001;2 362,41
6 205;25,0001;2 362,42
6 210;25,0001;2 362,42
6 215;25,0001;2 362,42
6 220;25,0001;2 362,42
6 225;25;2 362,42
6 230;25;2 362,42
6 235;25;2 362,42
6 240;25;2 362,42
6 245;25;2 362,42
6 250;25;2 362,42
6 255;25;2 362,42
6 260;25;2 362,42
6 265;25;2 362,43
6 270;25;2 362,43
6 275;25;2 362,43
6 280;25;2 362,43
6 285;25;2 362,43
6 290;25;2 362,43
6 295;24,9999;2 362,43
6 300;24,9999;2 362,43
6 305;24,9999;2 362,43
6 310;24,9999;2 362,43
6 315;24,9999;2 362,43
6 320;24,9999;2 362,43
6 325;24,9999;2 362,44
6 330;24,9999;2 362,44
6 335;24,9999;2 362,44
6 340;24,9999;2 362,44
6 345;24,9999;2 362,44
6 350;24,9999;2 362,44
6 355;24,9999;2 362,44
6 360;24,9999;2 362,44
6 365;24,9999;2 362,44
6 370;24,9999;2 362,44
6 375;24,9999;2 362,45
6 380;24,9999;2 362,45
6 385;24,9999;2 362,45
6 390;24,9999;2 362,45
6 395;24,9998;2 362,45
6 400;24,9998;2 362,45
6 405;24,9998;2 362,45
6 410;24,9998;2 362,45
6 415;24,9998;2 362,45
6 420;24,9998;2 362,45
6 425;24,9998;2 362,45
6 430;24,9998;2 362,46
6 435;24,9998;2 362,46
6 440;24,9998;2 362,46
6 445;24,9998;2 362,46
6 450;24,9998;2 362,46
6 455;24,9998;2 362,46
6 460;24,9998;2 362,46
6 465;24,9998;2 362,46
6 470;24,9998;2 362,46
6 475;24,9998;2 362,46
6 480;24,9998;2 362,46
6 485;24,9998;2 362,47
6 490;24,9998;2 362,47
6 495;24,9998;2 362,47
6 500;24,9998;2 362,47
6 505;24,9998;2 362,47
6 510;24,9998;2 362,47
6 515;24,9998;2 362,47
6 520;24,9998;2 362,47
6 525;24,9998;2 362,47
6 530;24,9998;2 362,47
6 535;24,9998;2 362,47
6 540;24,9998;2 362,47
6 545;24,9998;2 362,48
6 550;24,9998;2 362,48
6 555;24,9998;2 362,48
6 560;24,9998;2 362,48
6 565;24,9998;2 362,48
6 570;24,9998;2 362,48
6 575;24,9998;2 362,48
6 580;24,9998;2 362,48
6 585;24,9998;2 362,48
6 590;24,9998;2 362,48
6 595;24,9998;2 362,48
6 600;24,9998;2 362,48
6 605;24,9998;2 362,49
6 610;24,9998;2 362,49
6 615;24,9998;2 362,49
6 620;24,9998;2 362,49
6 625;24,9998;2 362,49
6 630;24,9998;2 362,49
6 635;24,9998;2 362,49
6 640;24,9998;2 362,49
6 645;24,9998;2 362,49
6 650;24,9998;2 362,49
6 655;24,9998;2 362,49
6 660;24,9998;2 362,49
6 665;24,9998;2 362,49
6 670;24,9998;2 362,49
6 675;24,9998;2 362,5
6 680;24,9998;2 362,5
6 685;24,9998;2 362,5
6 690;24,9998;2 362,5
6 695;24,9998;2 362,5
6 700;24,9998;2 362,5
6 705;24,9998;2 362,5
6 710;24,9998;2 362,5
6 715;24,9998;2 362,5
6 720;24,9998;2 362,5
6 725;24,9998;2 362,5
6 730;24,9998;2 362,5
6 735;24,9998;2 362,5
6 740;24,9998;2 362,5
6 745;24,9998;2 362,5
6 750;24,9998;2 362,5
6 755;24,9998;2 362,5
6 760;24,9998;2 362,5
6 765;24,9998;2 362,5
6 770;24,9998;2 362,5
6 775;24,9998;2 362,51
6 780;24,9998;2 362,51
6 785;24,9998;2 362,51
6 790;24,9998;2 362,51
6 795;24,9998;2 362,51
6 800;24,9998;2 362,51
6 805;24,9998;2 362,51
6 810;24,9998;2 362,51
6 815;24,9998;2 362,51
6 820;24,9998;2 362,51
6 825;24,9998;2 362,51
6 830;24,9998;2 362,51
6 835;24,9998;2 362,51
6 840;24,9998;2 362,51
6 845;24,9998;2 362,51
6 850;24,9998;2 362,51
6 855;24,9998;2 362,51
6 860;24,9998;2 362,51
6 865;24,9998;2 362,51
6 870;24,9998;2 362,51
6 875;24,9998;2 362,51
6 880;24,9998;2 362,51
6 885;24,9998;2 362,51
6 890;24,9998;2 362,51
6 895;24,9998;2 362,51
6 900;24,9998;2 362,51
6 905;24,9999;2 362,51
6 910;24,9999;2 362,51
6 915;24,9999;2 362,51
6 920;24,9999;2 362,51
6 925;24,9999;2 362,51
6 930;24,9999;2 362,51
6 935;24,9999;2 362,51
6 940;24,9999;2 362,51
6 945;24,9999;2 362,51
6 950;24,9999;2 362,51
6 955;24,9999;2 362,51
6 960;24,9999;2 362,52
6 965;24,9999;2 362,52
6 970;24,9999;2 362,52
6 975;24,9999;2 362,52
6 980;24,9999;2 362,52
6 985;24,9999;2 362,52
6 990;24,9999;2 362,52
6 995;24,9999;2 362,52
7 000;24,9999;2 362,52
7 005;24,9999;2 362,52
7 010;24,9999;2 362,52
7 015;24,9999;2 362,52
7 020;24,9999;2 362,52
7 025;24,9999;2 362,52
7 030;24,9999;2 362,52
7 035;24,9999;2 362,52
7 040;24,9999;2 362,52
7 045;24,9999;2 362,52
7 050;24,9999;2 362,52
7 055;24,9999;2 362,52
7 060;24,9999;2 362,52
7 065;24,9999;2 362,52
7 070;24,9999;2 362,52
7 075;24,9999;2 362,52
7 080;24,9999;2 362,52
7 085;24,9999;2 362,52
7 090;24,9999;2 362,52
7 095;24,9999;2 362,52
7 100;24,9999;2 362,52
7 105;24,9999;2 362,52
7 110;24,9999;2 362,52
7 115;24,9999;2 362,52
7 120;24,9999;2 362,52
7 125;24,9999;2 362,52
7 130;24,9999;2 362,52
7 135;24,9999;2 362,52
7 140;24,9999;2 362,52
7 145;24,9999;2 362,52
7 150;24,9999;2 362,52
7 155;24,9999;2 362,52
7 160;24,9999;2 362,52
7 165;25;2 362,52
7 170;25;2 362,52
7 175;25;2 362,52
7 180;25;2 362,52
7 185;25;2 362,52
7 190;25;2 362,52
7 195;25;2 362,52
7 200;25;2 362,52
7 205;25;2 362,52
7 210;25;2 362,52
7 215;25;2 362,52
7 220;25;2 362,52
7 225;25;2 362,52
7 230;25;2 362,52
7 235;25;2 362,52
7 240;25;2 362,52
7 245;25;2 362,52
7 250;25;2 362,52
7 255;25;2 362,51
7 260;25;2 362,51
7 265;25;2 362,51
7 270;25;2 362,51
7 275;25;2 362,51
7 280;25;2 362,51
7 285;25;2 362,51
7 290;25;2 362,51
7 295;25;2 362,51
7 300;25;2 362,51
7 305;25;2 362,51
7 310;25;2 362,51
7 315;25;2 362,51
7 320;25;2 362,51
7 325;25;2 362,51
7 330;25;2 362,51
7 335;25;2 362,51
7 340;25;2 362,51
7 345;25;2 362,51
7 350;25;2 362,51
7 355;25;2 362,51
7 360;25;2 362,51
7 365;25;2 362,51
7 370;25;2 362,51
7 375;25;2 362,51
7 380;25;2 362,51
7 385;25;2 362,51
7 390;25;2 362,51
7 395;25;2 362,51
7 400;25;2 362,51
7 405;25;2 362,51
7 410;25;2 362,51
7 415;25;2 362,51
7 420;25;2 362,51
7 425;25;2 362,51
7 430;25;2 362,51
7 435;25;2 362,51
7 440;25;2 362,51
7 445;25;2 362,51
7 450;25;2 362,51
7 455;25;2 362,51
7 460;25;2 362,51
7 465;25;2 362,51
7 470;25;2 362,51
7 475;25;2 362,51
7 480;25;2 362,51
7 485;25;2 362,51
7 490;25;2 362,51
7 495;25;2 362,51
7 500;25;2 362,51
7 505;25;2 362,51
7 510;25;2 362,51
7 515;25;2 362,51
7 520;25;2 362,51
7 525;25;2 362,51
7 530;25;2 362,51
7 535;25;2 362,51
7 540;25;2 362,51
7 545;25;2 362,51
7 550;25;2 362,51
7 555;25;2 362,51
7 560;25;2 362,51
7 565;25;2 362,51
7 570;25;2 362,51
7 575;25;2 362,51
7 580;25;2 362,51
7 585;25;2 362,51
7 590;25;2 362,51
7 595;25;2 362,51
7 600;25;2 362,51
7 605;25;2 362,51
7 610;25;2 362,51
7 615;25;2 362,51
7 620;25;2 362,51
7 625;25;2 362,51
7 630;25;2 362,51
7 635;25;2 362,51
7 640;25;2 362,51
7 645;25;2 362,51
7 650;25;2 362,51
7 655;25;2 362,51
7 660;25;2 362,51
7 665;25;2 362,51
7 670;25;2 362,51
7 675;25;2 362,51
7 680;25;2 362,51
7 685;25;2 362,51
7 690;25;2 362,51
7 695;25;2 362,51
7 700;25;2 362,51
7 705;25;2 362,51
7 710;25;2 362,51
7 715;25;2 362,51
7 720;25;2 362,51
7 725;25;2 362,51
7 730;25;2 362,51
7 735;25;2 362,51
7 740;25;2 362,51
7 745;25;2 362,51
7 750;25;2 362,51
7 755;25;2 362,51
7 760;25;2 362,51
7 765;25;2 362,51
7 770;25;2 362,51
7 775;25;2 362,51
7 780;25;2 362,51
7 785;25;2 362,51
7 790;25;2 362,51
7 795;25;2 362,51
7 800;25;2 362,51
7 805;25;2 362,51
7 810;25;2 362,51
7 815;25;2 362,51
7 820;25;2 362,51
7 825;25;2 362,51
7 830;25;2 362,51
7 835;25;2 362,51
7 840;25;2 362,51
7 845;25;2 362,51
7 850;25;2 362,51
7 855;25;2 362,51
7 860;25;2 362,51
7 865;25;2 362,51
7 870;25;2 362,51
7 875;25;2 362,51
7 880;25;2 362,51
7 885;25;2 362,51
7 890;25;2 362,51
7 895;25;2 362,51
7 900;25;2 362,51
7 905;25;2 362,51
7 910;25;2 362,51
7 915;25;2 362,51
7 920;25;2 362,51
7 925;25;2 362,51
7 930;25;2 362,51
7 935;25;2 362,51
7 940;25;2 362,51
7 945;25;2 362,51
7 950;25;2 362,51
7 955;25;2 362,51
7 960;25;2 362,51
7 965;25;2 362,51
7 970;25;2 362,51
7 975;25;2 362,51
7 980;25;2 362,51
7 985;25;2 362,51
7 990;25;2 362,51
7 995;25;2 362,51
8 000;25;2 362,51
8 005;25;2 362,51
8 010;25;2 362,51
8 015;25;2 362,51
8 020;25;2 362,51
8 025;25;2 362,51
8 030;25;2 362,51
8 035;25;2 362,51
8 040;25;2 362,51
8 045;25;2 362,51
8 050;25;2 362,51
8 055;25;2 362,51
8 060;25;2 362,51
8 065;25;2 362,51
8 070;25;2 362,51
8 075;25;2 362,51
8 080;25;2 362,51
8 085;25;2 362,51
8 090;25;2 362,51
8 095;25;2 362,51
8 100;25;2 362,51
8 105;25;2 362,51
8 110;25;2 362,51
8 115;25;2 362,51
8 120;25;2 362,51
8 125;25;2 362,51
8 130;25;2 362,51
8 135;25;2 362,51
8 140;25;2 362,51
8 145;25;2 362,51
8 150;25;2 362,51
8 155;25;2 362,51
8 160;25;2 362,51
8 165;25;2 362,51
8 170;25;2 362,51
8 175;25;2 362,51
8 180;25;2 362,51
8 185;25;2 362,51
8 190;25;2 362,51
8 195;25;2 362,51
8 200;25;2 362,51
8 205;25;2 362,51
8 210;25;2 362,51
8 215;25;2 362,51
8 220;25;2 362,51
8 225;25;2 362,51
8 230;25;2 362,51
8 235;25;2 362,51
8 240;25;2 362,51
8 245;25;2 362,51
8 250;25;2 362,51
8 255;25;2 362,51
8 260;25;2 362,51
8 265;25;2 362,51
8 270;25;2 362,51
8 275;25;2 362,51
8 280;25;2 362,51
8 285;25;2 362,51
8 290;25;2 362,51
8 295;25;2 362,51
8 300;25;2 362,51
8 305;25;2 362,51
8 310;25;2 362,51
8 315;25;2 362,51
8 320;25;2 362,51
8 325;25;2 362,51
8 330;25;2 362,51
8 335;25;2 362,51
8 340;25;2 362,51
8 345;25;2 362,51
8 350;25;2 362,51
8 355;25;2 362,51
8 360;25;2 362,51
8 365;25;2 362,51
8 370;25;2 362,51
8 375;25;2 362,51
8 380;25;2 362,51
8 385;25;2 362,51
8 390;25;2 362,51
8 395;25;2 362,51
8 400;25;2 362,51
8 405;25;2 362,51
8 410;25;2 362,51
8 415;25;2 362,51
8 420;25;2 362,51
8 425;25;2 362,51
8 430;25;2 362,51
8 435;25;2 362,51
8 440;25;2 362,51
8 445;25;2 362,51
8 450;25;2 362,51
8 455;25;2 362,51
8 460;25;2 362,51
8 465;25;2 362,51
8 470;25;2 362,51
8 475;25;2 362,51
8 480;25;2 362,51
8 485;25;2 362,51
8 490;25;2 362,51
8 495;25;2 362,51
8 500;25;2 362,51
8 505;25;2 362,51
8 510;25;2 362,51
8 515;25;2 362,51
8 520;25;2 362,51
8 525;25;2 362,51
8 530;25;2 362,51
8 535;25;2 362,51
8 540;25;2 362,51
8 545;25;2 362,51
8 550;25;2 362,51
8 555;25;2 362,51
8 560;25;2 362,51
8 565;25;2 362,51
8 570;25;2 362,51
8 575;25;2 362,51
8 580;25;2 362,51
8 585;25;2 362,51
8 590;25;2 362,51
8 595;25;2 362,51
8 600;25;2 362,51
8 605;25;2 362,51
8 610;25;2 362,51
8 615;25;2 362,51
8 620;25;2 362,51
8 625;25;2 362,51
8 630;25;2 362,51
8 635;25;2 362,51
8 640;25;2 362,51
8 645;25;2 362,51
8 650;25;2 362,51
8 655;25;2 362,51
8 660;25;2 362,51
8 665;25;2 362,51
8 670;25;2 362,51
8 675;25;2 362,51
8 680;25;2 362,51
8 685;25;2 362,51
8 690;25;2 362,51
8 695;25;2 362,51
8 700;25;2 362,51
8 705;25;2 362,51
8 710;25;2 362,51
8 715;25;2 362,51
8 720;25;2 362,51
8 725;25;2 362,51
8 730;25;2 362,51
8 735;25;2 362,51
8 740;25;2 362,51
8 745;25;2 362,51
8 750;25;2 362,51
8 755;25;2 362,51
8 760;25;2 362,51
8 765;25;2 362,51
8 770;25;2 362,51
8 775;25;2 362,51
8 780;25;2 362,51
8 785;25;2 362,51
8 790;25;2 362,51
8 795;25;2 362,51
8 800;25;2 362,51
8 805;25;2 362,51
8 810;25;2 362,51
8 815;25;2 362,51
8 820;25;2 362,51
8 825;25;2 362,51
8 830;25;2 362,51
8 835;25;2 362,51
8 840;25;2 362,51
8 845;25;2 362,51
8 850;25;2 362,51
8 855;25;2 362,51
8 860;25;2 362,51
8 865;25;2 362,51
8 870;25;2 362,51
8 875;25;2 362,51
8 880;25;2 362,51
8 885;25;2 362,51
8 890;25;2 362,51
8 895;25;2 362,51
8 900;25;2 362,51
8 905;25;2 362,51
8 910;25;2 362,51
8 915;25;2 362,51
8 920;25;2 362,51
8 925;25;2 362,51
8 930;25;2 362,51
8 935;25;2 362,51
8 940;25;2 362,51
8 945;25;2 362,51
8 950;25;2 362,51
8 955;25;2 362,51
8 960;25;2 362,51
8 965;25;2 362,51
8 970;25;2 362,51
8 975;25;2 362,51
8 980;25;2 362,51
8 985;25;2 362,51
8 990;25;2 362,51
8 995;25;2 362,51
9 000;25;2 362,51
9 005;25;2 362,51
9 010;25;2 362,51
9 015;25;2 362,51
9 020;25;2 362,51
9 025;25;2 362,51
9 030;25;2 362,51
9 035;25;2 362,51
9 040;25;2 362,51
9 045;25;2 362,51
9 050;25;2 362,51
9 055;25;2 362,51
9 060;25;2 362,51
9 065;25;2 362,51
9 070;25;2 362,51
9 075;25;2 362,51
9 080;25;2 362,51
9 085;25;2 362,51
9 090;25;2 362,51
9 095;25;2 362,51
9 100;25;2 362,51
9 105;25;2 362,51
9 110;25;2 362,51
9 115;25;2 362,51
9 120;25;2 362,51
9 125;25;2 362,51
9 130;25;2 362,51
9 135;25;2 362,51
9 140;25;2 362,51
9 145;25;2 362,51
9 150;25;2 362,51
9 155;25;2 362,51
9 160;25;2 362,51
9 165;25;2 362,51
9 170;25;2 362,51
9 175;25;2 362,51
9 180;25;2 362,51
9 185;25;2 362,51
9 190;25;2 362,51
9 195;25;2 362,51
9 200;25;2 362,51
9 205;25;2 362,51
9 210;25;2 362,51
9 215;25;2 362,51
9 220;25;2 362,51
9 225;25;2 362,51
9 230;25;2 362,51
9 235;25;2 362,51
9 240;25;2 362,51
9 245;25;2 362,51
9 250;25;2 362,51
9 255;25;2 362,51
9 260;25;2 362,51
9 265;25;2 362,51
9 270;25;2 362,51
9 275;25;2 362,51
9 280;25;2 362,51
9 285;25;2 362,51
9 290;25;2 362,51
9 295;25;2 362,51
9 300;25;2 362,51
9 305;25;2 362,51
9 310;25;2 362,51
9 315;25;2 362,51
9 320;25;2 362,51
9 325;25;2 362,51
9 330;25;2 362,51
9 335;25;2 362,51
9 340;25;2 362,51
9 345;25;2 362,51
9 350;25;2 362,51
9 355;25;2 362,51
9 360;25;2 362,51
9 365;25;2 362,51
9 370;25;2 362,51
9 375;25;2 362,51
9 380;25;2 362,51
9 385;25;2 362,51
9 390;25;2 362,51
9 395;25;2 362,51
9 400;25;2 362,51
9 405;25;2 362,51
9 410;25;2 362,51
9 415;25;2 362,51
9 420;25;2 362,51
9 425;25;2 362,51
9 430;25;2 362,51
9 435;25;2 362,51
9 440;25;2 362,51
9 445;25;2 362,51
9 450;25;2 362,51
9 455;25;2 362,51
9 460;25;2 362,51
9 465;25;2 362,51
9 470;25;2 362,51
9 475;25;2 362,51
9 480;25;2 362,51
9 485;25;2 362,51
9 490;25;2 362,51
9 495;25;2 362,51
9 500;25;2 362,51
9 505;25;2 362,51
9 510;25;2 362,51
9 515;25;2 362,51
9 520;25;2 362,51
9 525;25;2 362,51
9 530;25;2 362,51
9 535;25;2 362,51
9 540;25;2 362,51
9 545;25;2 362,51
9 550;25;2 362,51
9 555;25;2 362,51
9 560;25;2 362,51
9 565;25;2 362,51
9 570;25;2 362,51
9 575;25;2 362,51
9 580;25;2 362,51
9 585;25;2 362,51
9 590;25;2 362,51
9 595;25;2 362,51
9 600;25;2 362,51
9 605;25;2 362,51
9 610;25;2 362,51
9 615;25;2 362,51
9 620;25;2 362,51
9 625;25;2 362,51
9 630;25;2 362,51
9 635;25;2 362,51
9 640;25;2 362,51
9 645;25;2 362,51
9 650;25;2 362,51
9 655;25;2 362,51
9 660;25;2 362,51
9 665;25;2 362,51
9 670;25;2 362,51
9 675;25;2 362,51
9 680;25;2 362,51
9 685;25;2 362,51
9 690;25;2 362,51
9 695;25;2 362,51
9 700;25;2 362,51
9 705;25;2 362,51
9 710;25;2 362,51
9 715;25;2 362,51
9 720;25;2 362,51
9 725;25;2 362,51
9 730;25;2 362,51
9 735;25;2 362,51
9 740;25;2 362,51
9 745;25;2 362,51
9 750;25;2 362,51
9 755;25;2 362,51
9 760;25;2 362,51
9 765;25;2 362,51
9 770;25;2 362,51
9 775;25;2 362,51
9 780;25;2 362,51
9 785;25;2 362,51
9 790;25;2 362,51
9 795;25;2 362,51
9 800;25;2 362,51
9 805;25;2 362,51
9 810;25;2 362,51
9 815;25;2 362,51
9 820;25;2 362,51
9 825;25;2 362,51
9 830;25;2 362,51
9 835;25;2 362,51
9 840;25;2 362,51
9 845;25;2 362,51
9 850;25;2 362,51
9 855;25;2 362,51
9 860;25;2 362,51
9 865;25;2 362,51
9 870;25;2 362,51
9 875;25;2 362,51
9 880;25;2 362,51
9 885;25;2 362,51
9 890;25;2 362,51
9 895;25;2 362,51
9 900;25;2 362,51
9 905;25;2 362,51
9 910;25;2 362,51
9 915;25;2 362,51
9 920;25;2 362,51
9 925;25;2 362,51
9 930;25;2 362,51
9 935;25;2 362,51
9 940;25;2 362,51
9 945;25;2 362,51
9 950;25;2 362,51
9 955;25;2 362,51
9 960;25;2 362,51
9 965;25;2 362,51
9 970;25;2 362,51
9 975;25;2 362,51
9 980;25;2 362,51
9 985;25;2 362,51
9 990;25;2 362,51
9 995;25;2 362,51
10 000;25;2 362,51
10 005;25;2 362,51
10 010;25;2 362,51
10 015;25;2 362,51
10 020;25;2 362,51
10 025;25;2 362,51
10 030;25;2 362,51
10 035;25;2 362,51
10 040;25;2 362,51
10 045;25;2 362,51
10 050;25;2 362,51
10 055;25;2 362,51
10 060;25;2 362,51
10 065;25;2 362,51
10 070;25;2 362,51
10 075;25;2 362,51
10 080;25;2 362,51
10 085;25;2 362,51
10 090;25;2 362,51
10 095;25;2 362,51
10 100;25;2 362,51
10 105;25;2 362,51
10 110;25;2 362,51
10 115;25;2 362,51
10 120;25;2 362,51
10 125;25;2 362,51
10 130;25;2 362,51
10 135;25;2 362,51
10 140;25;2 362,51
10 145;25;2 362,51
10 150;25;2 362,51
10 155;25;2 362,51
10 160;25;2 362,51
10 165;25;2 362,51
10 170;25;2 362,51
10 175;25;2 362,51
10 180;25;2 362,51
10 185;25;2 362,51
10 190;25;2 362,51
10 195;25;2 362,51
10 200;25;2 362,51
10 205;25;2 362,51
10 210;25;2 362,51
10 215;25;2 362,51
10 220;25;2 362,51
10 225;25;2 362,51
10 230;25;2 362,51
10 235;25;2 362,51
10 240;25;2 362,51
10 245;25;2 362,51
10 250;25;2 362,51
10 255;25;2 362,51
10 260;25;2 362,51
10 265;25;2 362,51
10 270;25;2 362,51
10 275;25;2 362,51
10 280;25;2 362,51
10 285;25;2 362,51
10 290;25;2 362,51
10 295;25;2 362,51
10 300;25;2 362,51
10 305;25;2 362,51
10 310;25;2 362,51
10 315;25;2 362,51
10 320;25;2 362,51
10 325;25;2 362,51
10 330;25;2 362,51
10 335;25;2 362,51
10 340;25;2 362,51
10 345;25;2 362,51
10 350;25;2 362,51
10 355;25;2 362,51
10 360;25;2 362,51
10 365;25;2 362,51
10 370;25;2 362,51
10 375;25;2 362,51
10 380;25;2 362,51
10 385;25;2 362,51
10 390;25;2 362,51
10 395;25;2 362,51
10 400;25;2 362,51
10 405;25;2 362,51
10 410;25;2 362,51
10 415;25;2 362,51
10 420;25;2 362,51
10 425;25;2 362,51
10 430;25;2 362,51
10 435;25;2 362,51
10 440;25;2 362,51
10 445;25;2 362,51
10 450;25;2 362,51
10 455;25;2 362,51
10 460;25;2 362,51
10 465;25;2 362,51
10 470;25;2 362,51
10 475;25;2 362,51
10 480;25;2 362,51
10 485;25;2 362,51
10 490;25;2 362,51
10 495;25;2 362,51
10 500;25;2 362,51
10 505;25;2 362,51
10 510;25;2 362,51
10 515;25;2 362,51
10 520;25;2 362,51
10 525;25;2 362,51
10 530;25;2 362,51
10 535;25;2 362,51
10 540;25;2 362,51
10 545;25;2 362,51
10 550;25;2 362,51
10 555;25;2 362,51
10 560;25;2 362,51
10 565;25;2 362,51
10 570;25;2 362,51
10 575;25;2 362,51
10 580;25;2 362,51
10 585;25;2 362,51
10 590;25;2 362,51
10 595;25;2 362,51
10 600;25;2 362,51
10 605;25;2 362,51
10 610;25;2 362,51
10 615;25;2 362,51
10 620;25;2 362,51
10 625;25;2 362,51
10 630;25;2 362,51
10 635;25;2 362,51
10 640;25;2 362,51
10 645;25;2 362,51
10 650;25;2 362,51
10 655;25;2 362,51
10 660;25;2 362,51
10 665;25;2 362,51
10 670;25;2 362,51
10 675;25;2 362,51
10 680;25;2 362,51
10 685;25;2 362,51
10 690;25;2 362,51
10 695;25;2 362,51
10 700;25;2 362,51
10 705;25;2 362,51
10 710;25;2 362,51
10 715;25;2 362,51
10 720;25;2 362,51
10 725;25;2 362,51
10 730;25;2 362,51
10 735;25;2 362,51
10 740;25;2 362,51
10 745;25;2 362,51
10 750;25;2 362,51
10 755;25;2 362,51
10 760;25;2 362,51
10 765;25;2 362,51
10 770;25;2 362,51
10 775;25;2 362,51
10 780;25;2 362,51
10 785;25;2 362,51
10 790;25;2 362,51
10 795;25;2 362,51
10 800;25;2 362,51
10 805;25;2 362,51
10 810;25;2 362,51
10 815;25;2 362,51
10 820;25;2 362,51
10 825;25;2 362,51
10 830;25;2 362,51
10 835;25;2 362,51
10 840;25;2 362,51
10 845;25;2 362,51
10 850;25;2 362,51
10 855;25;2 362,51
10 860;25;2 362,51
10 865;25;2 362,51
10 870;25;2 362,51
10 875;25;2 362,51
10 880;25;2 362,51
10 885;25;2 362,51
10 890;25;2 362,51
10 895;25;2 362,51
10 900;25;2 362,51
10 905;25;2 362,51
10 910;25;2 362,51
10 915;25;2 362,51
10 920;25;2 362,51
10 925;25;2 362,51
10 930;25;2 362,51
10 935;25;2 362,51
10 940;25;2 362,51
10 945;25;2 362,51
10 950;25;2 362,51
10 955;25;2 362,51
10 960;25;2 362,51
10 965;25;2 362,51
10 970;25;2 362,51
10 975;25;2 362,51
10 980;25;2 362,51
10 985;25;2 362,51
10 990;25;2 362,51
10 995;25;2 362,51
11 000;25;2 362,51
11 005;25;2 362,51
11 010;25;2 362,51
11 015;25;2 362,51
11 020;25;2 362,51
11 025;25;2 362,51
11 030;25;2 362,51
11 035;25;2 362,51
11 040;25;2 362,51
11 045;25;2 362,51
11 050;25;2 362,51
11 055;25;2 362,51
11 060;25;2 362,51
11 065;25;2 362,51
11 070;25;2 362,51
11 075;25;2 362,51
11 080;25;2 362,51
11 085;25;2 362,51
11 090;25;2 362,51
11 095;25;2 362,51
11 100;25;2 362,51
11 105;25;2 362,51
11 110;25;2 362,51
11 115;25;2 362,51
11 120;25;2 362,51
11 125;25;2 362,51
11 130;25;2 362,51
11 135;25;2 362,51
11 140;25;2 362,51
11 145;25;2 362,51
11 150;25;2 362,51
11 155;25;2 362,51
11 160;25;2 362,51
11 165;25;2 362,51
11 170;25;2 362,51
11 175;25;2 362,51
11 180;25;2 362,51
11 185;25;2 362,51
11 190;25;2 362,51
11 195;25;2 362,51
11 200;25;2 362,51
11 205;25;2 362,51
11 210;25;2 362,51
11 215;25;2 362,51
11 220;25;2 362,51
11 225;25;2 362,51
11 230;25;2 362,51
11 235;25;2 362,51
11 240;25;2 362,51
11 245;25;2 362,51
11 250;25;2 362,51
11 255;25;2 362,51
11 260;25;2 362,51
11 265;25;2 362,51
11 270;25;2 362,51
11 275;25;2 362,51
11 280;25;2 362,51
11 285;25;2 362,51
11 290;25;2 362,51
11 295;25;2 362,51
11 300;25;2 362,51
11 305;25;2 362,51
11 310;25;2 362,51
11 315;25;2 362,51
11 320;25;2 362,51
11 325;25;2 362,51
11 330;25;2 362,51
11 335;25;2 362,51
11 340;25;2 362,51
11 345;25;2 362,51
11 350;25;2 362,51
11 355;25;2 362,51
11 360;25;2 362,51
11 365;25;2 362,51
11 370;25;2 362,51
11 375;25;2 362,51
11 380;25;2 362,51
11 385;25;2 362,51
11 390;25;2 362,51
11 395;25;2 362,51
11 400;25;2 362,51
11 405;25;2 362,51
11 410;25;2 362,51
11 415;25;2 362,51
11 420;25;2 362,51
11 425;25;2 362,51
11 430;25;2 362,51
11 435;25;2 362,51
11 440;25;2 362,51
11 445;25;2 362,51
11 450;25;2 362,51
11 455;25;2 362,51
11 460;25;2 362,51
11 465;25;2 362,51
11 470;25;2 362,51
11 475;25;2 362,51
11 480;25;2 362,51
11 485;25;2 362,51
11 490;25;2 362,51
11 495;25;2 362,51
11 500;25;2 362,51
11 505;25;2 362,51
11 510;25;2 362,51
11 515;25;2 362,51
11 520;25;2 362,51
11 525;25;2 362,51
11 530;25;2 362,51
11 535;25;2 362,51
11 540;25;2 362,51
11 545;25;2 362,51
11 550;25;2 362,51
11 555;25;2 362,51
11 560;25;2 362,51
11 565;25;2 362,51
11 570;25;2 362,51
11 575;25;2 362,51
11 580;25;2 362,51
11 585;25;2 362,51
11 590;25;2 362,51
11 595;25;2 362,51
11 600;25;2 362,51
11 605;25;2 362,51
11 610;25;2 362,51
11 615;25;2 362,51
11 620;25;2 362,51
11 625;25;2 362,51
11 630;25;2 362,51
11 635;25;2 362,51
11 640;25;2 362,51
11 645;25;2 362,51
11 650;25;2 362,51
11 655;25;2 362,51
11 660;25;2 362,51
11 665;25;2 362,51
11 670;25;2 362,51
11 675;25;2 362,51
11 680;25;2 362,51
11 685;25;2 362,51
11 690;25;2 362,51
11 695;25;2 362,51
11 700;25;2 362,51
11 705;25;2 362,51
11 710;25;2 362,51
11 715;25;2 362,51
11 720;25;2 362,51
11 725;25;2 362,51
11 730;25;2 362,51
11 735;25;2 362,51
11 740;25;2 362,51
11 745;25;2 362,51
11 750;25;2 362,51
11 755;25;2 362,51
11 760;25;2 362,51
11 765;25;2 362,51
11 770;25;2 362,51
11 775;25;2 362,51
11 780;25;2 362,51
11 785;25;2 362,51
11 790;25;2 362,51
11 795;25;2 362,51
11 800;25;2 362,51
11 805;25;2 362,51
11 810;25;2 362,51
11 815;25;2 362,51
11 820;25;2 362,51
11 825;25;2 362,51
11 830;25;2 362,51
11 835;25;2 362,51
11 840;25;2 362,51
11 845;25;2 362,51
11 850;25;2 362,51
11 855;25;2 362,51
11 860;25;2 362,51
11 865;25;2 362,51
11 870;25;2 362,51
11 875;25;2 362,51
11 880;25;2 362,51
11 885;25;2 362,51
11 890;25;2 362,51
11 895;25;2 362,51
11 900;25;2 362,51
11 905;25;2 362,51
11 910;25;2 362,51
11 915;25;2 362,51
11 920;25;2 362,51
11 925;25;2 362,51
11 930;25;2 362,51
11 935;25;2 362,51
11 940;25;2 362,51
11 945;25;2 362,51
11 950;25;2 362,51
11 955;25;2 362,51
11 960;25;2 362,51
11 965;25;2 362,51
11 970;25;2 362,51
11 975;25;2 362,51
11 980;25;2 362,51
11 985;25;2 362,51
11 990;25;2 362,51
11 995;25;2 362,51
12 000;25;2 362,51
12 005;25;2 362,51
12 010;25;2 362,51
12 015;25;2 362,51
12 020;25;2 362,51
12 025;25;2 362,51
12 030;25;2 362,51
12 035;25;2 362,51
12 040;25;2 362,51
12 045;25;2 362,51
12 050;25;2 362,51
12 055;25;2 362,51
12 060;25;2 362,51
12 065;25;2 362,51
12 070;25;2 362,51
12 075;25;2 362,51
12 080;25;2 362,51
12 085;25;2 362,51
12 090;25;2 362,51
12 095;25;2 362,51
12 100;25;2 362,51
12 105;25;2 362,51
12 110;25;2 362,51
12 115;25;2 362,51
12 120;25;2 362,51
12 125;25;2 362,51
12 130;25;2 362,51
12 135;25;2 362,51
12 140;25;2 362,51
12 145;25;2 362,51
12 150;25;2 362,51
12 155;25;2 362,51
12 160;25;2 362,51
12 165;25;2 362,51
12 170;25;2 362,51
12 175;25;2 362,51
12 180;25;2 362,51
12 185;25;2 362,51
12 190;25;2 362,51
12 195;25;2 362,51
12 200;25;2 362,51
12 205;25;2 362,51
12 210;25;2 362,51
12 215;25;2 362,51
12 220;25;2 362,51
12 225;25;2 362,51
12 230;25;2 362,51
12 235;25;2 362,51
12 240;25;2 362,51
12 245;25;2 362,51
12 250;25;2 362,51
12 255;25;2 362,51
12 260;25;2 362,51
12 265;25;2 362,51
12 270;25;2 362,51
12 275;25;2 362,51
12 280;25;2 362,51
12 285;25;2 362,51
12 290;25;2 362,51
12 295;25;2 362,51
12 300;25;2 362,51
12 305;25;2 362,51
12 310;25;2 362,51
12 315;25;2 362,51
12 320;25;2 362,51
12 325;25;2 362,51
12 330;25;2 362,51
12 335;25;2 362,51
12 340;25;2 362,51
12 345;25;2 362,51
12 350;25;2 362,51
12 355;25;2 362,51
12 360;25;2 362,51
12 365;25;2 362,51
12 370;25;2 362,51
12 375;25;2 362,51
12 380;25;2 362,51
12 385;25;2 362,51
12 390;25;2 362,51
12 395;25;2 362,51
12 400;25;2 362,51
12 405;25;2 362,51
12 410;25;2 362,51
12 415;25;2 362,51
12 420;25;2 362,51
12 425;25;2 362,51
12 430;25;2 362,51
12 435;25;2 362,51
12 440;25;2 362,51
12 445;25;2 362,51
12 450;25;2 362,51
12 455;25;2 362,51
12 460;25;2 362,51
12 465;25;2 362,51
12 470;25;2 362,51
12 475;25;2 362,51
12 480;25;2 362,51
12 485;25;2 362,51
12 490;25;2 362,51
12 495;25;2 362,51
12 500;25;2 362,51
12 505;25;2 362,51
12 510;25;2 362,51
12 515;25;2 362,51
12 520;25;2 362,51
12 525;25;2 362,51
12 530;25;2 362,51
12 535;25;2 362,51
12 540;25;2 362,51
12 545;25;2 362,51
12 550;25;2 362,51
12 555;25;2 362,51
12 560;25;2 362,51
12 565;25;2 362,51
12 570;25;2 362,51
12 575;25;2 362,51
12 580;25;2 362,51
12 585;25;2 362,51
12 590;25;2 362,51
12 595;25;2 362,51
12 600;25;2 362,51
12 605;25;2 362,51
12 610;25;2 362,51
12 615;25;2 362,51
12 620;25;2 362,51
12 625;25;2 362,51
12 630;25;2 362,51
12 635;25;2 362,51
12 640;25;2 362,51
12 645;25;2 362,51
12 650;25;2 362,51
12 655;25;2 362,51
12 660;25;2 362,51
12 665;25;2 362,51
12 670;25;2 362,51
12 675;25;2 362,51
12 680;25;2 362,51
12 685;25;2 362,51
12 690;25;2 362,51
12 695;25;2 362,51
12 700;25;2 362,51
12 705;25;2 362,51
12 710;25;2 362,51
12 715;25;2 362,51
12 720;25;2 362,51
12 725;25;2 362,51
12 730;25;2 362,51
12 735;25;2 362,51
12 740;25;2 362,51
12 745;25;2 362,51
12 750;25;2 362,51
12 755;25;2 362,51
12 760;25;2 362,51
12 765;25;2 362,51
12 770;25;2 362,51
12 775;25;2 362,51
12 780;25;2 362,51
12 785;25;2 362,51
12 790;25;2 362,51
12 795;25;2 362,51
12 800;25;2 362,51
12 805;25;2 362,51
12 810;25;2 362,51
12 815;25;2 362,51
12 820;25;2 362,51
12 825;25;2 362,51
12 830;25;2 362,51
12 835;25;2 362,51
12 840;25;2 362,51
12 845;25;2 362,51
12 850;25;2 362,51
12 855;25;2 362,51
12 860;25;2 362,51
12 865;25;2 362,51
12 870;25;2 362,51
12 875;25;2 362,51
12 880;25;2 362,51
12 885;25;2 362,51
12 890;25;2 362,51
12 895;25;2 362,51
12 900;25;2 362,51
12 905;25;2 362,51
12 910;25;2 362,51
12 915;25;2 362,51
12 920;25;2 362,51
12 925;25;2 362,51
12 930;25;2 362,51
12 935;25;2 362,51
12 940;25;2 362,51
12 945;25;2 362,51
12 950;25;2 362,51
12 955;25;2 362,51
12 960;25;2 362,51
12 965;25;2 362,51
12 970;25;2 362,51
12 975;25;2 362,51
12 980;25;2 362,51
12 985;25;2 362,51
12 990;25;2 362,51
12 995;25;2 362,51
13 000;25;2 362,51
13 005;25;2 362,51
13 010;25;2 362,51
13 015;25;2 362,51
13 020;25;2 362,51
13 025;25;2 362,51
13 030;25;2 362,51
13 035;25;2 362,51
13 040;25;2 362,51
13 045;25;2 362,51
13 050;25;2 362,51
13 055;25;2 362,51
13 060;25;2 362,51
13 065;25;2 362,51
13 070;25;2 362,51
13 075;25;2 362,51
13 080;25;2 362,51
13 085;25;2 362,51
13 090;25;2 362,51
13 095;25;2 362,51
13 100;25;2 362,51
13 105;25;2 362,51
13 110;25;2 362,51
13 115;25;2 362,51
13 120;25;2 362,51
13 125;25;2 362,51
13 130;25;2 362,51
13 135;25;2 362,51
13 140;25;2 362,51
13 145;25;2 362,51
13 150;25;2 362,51
13 155;25;2 362,51
13 160;25;2 362,51
13 165;25;2 362,51
13 170;25;2 362,51
13 175;25;2 362,51
13 180;25;2 362,51
13 185;25;2 362,51
13 190;25;2 362,51
13 195;25;2 362,51
13 200;25;2 362,51
13 205;25;2 362,51
13 210;25;2 362,51
13 215;25;2 362,51
13 220;25;2 362,51
13 225;25;2 362,51
13 230;25;2 362,51
13 235;25;2 362,51
13 240;25;2 362,51
13 245;25;2 362,51
13 250;25;2 362,51
13 255;25;2 362,51
13 260;25;2 362,51
13 265;25;2 362,51
13 270;25;2 362,51
13 275;25;2 362,51
13 280;25;2 362,51
13 285;25;2 362,51
13 290;25;2 362,51
13 295;25;2 362,51
13 300;25;2 362,51
13 305;25;2 362,51
13 310;25;2 362,51
13 315;25;2 362,51
13 320;25;2 362,51
13 325;25;2 362,51
13 330;25;2 362,51
13 335;25;2 362,51
13 340;25;2 362,51
13 345;25;2 362,51
13 350;25;2 362,51
13 355;25;2 362,51
13 360;25;2 362,51
13 365;25;2 362,51
13 370;25;2 362,51
13 375;25;2 362,51
13 380;25;2 362,51
13 385;25;2 362,51
13 390;25;2 362,51
13 395;25;2 362,51
13 400;25;2 362,51
13 405;25;2 362,51
13 410;25;2 362,51
13 415;25;2 362,51
13 420;25;2 362,51
13 425;25;2 362,51
13 430;25;2 362,51
13 435;25;2 362,51
13 440;25;2 362,51
13 445;25;2 362,51
13 450;25;2 362,51
13 455;25;2 362,51
13 460;25;2 362,51
13 465;25;2 362,51
13 470;25;2 362,51
13 475;25;2 362,51
13 480;25;2 362,51
13 485;25;2 362,51
13 490;25;2 362,51
13 495;25;2 362,51
13 500;25;2 362,51
13 505;25;2 362,51
13 510;25;2 362,51
13 515;25;2 362,51
13 520;25;2 362,51
13 525;25;2 362,51
13 530;25;2 362,51
13 535;25;2 362,51
13 540;25;2 362,51
13 545;25;2 362,51
13 550;25;2 362,51
13 555;25;2 362,51
13 560;25;2 362,51
13 565;25;2 362,51
13 570;25;2 362,51
13 575;25;2 362,51
13 580;25;2 362,51
13 585;25;2 362,51
13 590;25;2 362,51
13 595;25;2 362,51
13 600;25;2 362,51
13 605;25;2 362,51
13 610;25;2 362,51
13 615;25;2 362,51
13 620;25;2 362,51
13 625;25;2 362,51
13 630;25;2 362,51
13 635;25;2 362,51
13 640;25;2 362,51
13 645;25;2 362,51
13 650;25;2 362,51
13 655;25;2 362,51
13 660;25;2 362,51
13 665;25;2 362,51
13 670;25;2 362,51
13 675;25;2 362,51
13 680;25;2 362,51
13 685;25;2 362,51
13 690;25;2 362,51
13 695;25;2 362,51
13 700;25;2 362,51
13 705;25;2 362,51
13 710;25;2 362,51
13 715;25;2 362,51
13 720;25;2 362,51
13 725;25;2 362,51
13 730;25;2 362,51
13 735;25;2 362,51
13 740;25;2 362,51
13 745;25;2 362,51
13 750;25;2 362,51
13 755;25;2 362,51
13 760;25;2 362,51
13 765;25;2 362,51
13 770;25;2 362,51
13 775;25;2 362,51
13 780;25;2 362,51
13 785;25;2 362,51
13 790;25;2 362,51
13 795;25;2 362,51
13 800;25;2 362,51
13 805;25;2 362,51
13 810;25;2 362,51
13 815;25;2 362,51
13 820;25;2 362,51
13 825;25;2 362,51
13 830;25;2 362,51
13 835;25;2 362,51
13 840;25;2 362,51
13 845;25;2 362,51
13 850;25;2 362,51
13 855;25;2 362,51
13 860;25;2 362,51
13 865;25;2 362,51
13 870;25;2 362,51
13 875;25;2 362,51
13 880;25;2 362,51
13 885;25;2 362,51
13 890;25;2 362,51
13 895;25;2 362,51
13 900;25;2 362,51
13 905;25;2 362,51
13 910;25;2 362,51
13 915;25;2 362,51
13 920;25;2 362,51
13 925;25;2 362,51
13 930;25;2 362,51
13 935;25;2 362,51
13 940;25;2 362,51
13 945;25;2 362,51
13 950;25;2 362,51
13 955;25;2 362,51
13 960;25;2 362,51
13 965;25;2 362,51
13 970;25;2 362,51
13 975;25;2 362,51
13 980;25;2 362,51
13 985;25;2 362,51
13 990;25;2 362,51
13 995;25;2 362,51
14 000;25;2 362,51
14 005;25;2 362,51
14 010;25;2 362,51
14 015;25;2 362,51
14 020;25;2 362,51
14 025;25;2 362,51
14 030;25;2 362,51
14 035;25;2 362,51
14 040;25;2 362,51
14 045;25;2 362,51
14 050;25;2 362,51
14 055;25;2 362,51
14 060;25;2 362,51
14 065;25;2 362,51
14 070;25;2 362,51
14 075;25;2 362,51
14 080;25;2 362,51
14 085;25;2 362,51
14 090;25;2 362,51
14 095;25;2 362,51
14 100;25;2 362,51
14 105;25;2 362,51
14 110;25;2 362,51
14 115;25;2 362,51
14 120;25;2 362,51
14 125;25;2 362,51
14 130;25;2 362,51
14 135;25;2 362,51
14 140;25;2 362,51
14 145;25;2 362,51
14 150;25;2 362,51
14 155;25;2 362,51
14 160;25;2 362,51
14 165;25;2 362,51
14 170;25;2 362,51
14 175;25;2 362,51
14 180;25;2 362,51
14 185;25;2 362,51
14 190;25;2 362,51
14 195;25;2 362,51
14 200;25;2 362,51
14 205;25;2 362,51
14 210;25;2 362,51
14 215;25;2 362,51
14 220;25;2 362,51
14 225;25;2 362,51
14 230;25;2 362,51
14 235;25;2 362,51
14 240;25;2 362,51
14 245;25;2 362,51
14 250;25;2 362,51
14 255;25;2 362,51
14 260;25;2 362,51
14 265;25;2 362,51
14 270;25;2 362,51
14 275;25;2 362,51
14 280;25;2 362,51
14 285;25;2 362,51
14 290;25;2 362,51
14 295;25;2 362,51
14 300;25;2 362,51
14 305;25;2 362,51
14 310;25;2 362,51
14 315;25;2 362,51
14 320;25;2 362,51
14 325;25;2 362,51
14 330;25;2 362,51
14 335;25;2 362,51
14 340;25;2 362,51
14 345;25;2 362,51
14 350;25;2 362,51
14 355;25;2 362,51
14 360;25;2 362,51
14 365;25;2 362,51
14 370;25;2 362,51
14 375;25;2 362,51
14 380;25;2 362,51
14 385;25;2 362,51
14 390;25;2 362,51
14 395;25;2 362,51
14 400;25;2 362,51
14 405;25;2 362,51
14 410;25;2 362,51
14 415;25;2 362,51
14 420;25;2 362,51
14 425;25;2 362,51
14 430;25;2 362,51
14 435;25;2 362,51
14 440;25;2 362,51
14 445;25;2 362,51
14 450;25;2 362,51
14 455;25;2 362,51
14 460;25;2 362,51
14 465;25;2 362,51
14 470;25;2 362,51
14 475;25;2 362,51
14 480;25;2 362,51
14 485;25;2 362,51
14 490;25;2 362,51
14 495;25;2 362,51
14 500;25;2 362,51
14 505;25;2 362,51
14 510;25;2 362,51
14 515;25;2 362,51
14 520;25;2 362,51
14 525;25;2 362,51
14 530;25;2 362,51
14 535;25;2 362,51
14 540;25;2 362,51
14 545;25;2 362,51
14 550;25;2 362,51
14 555;25;2 362,51
14 560;25;2 362,51
14 565;25;2 362,51
14 570;25;2 362,51
14 575;25;2 362,51
14 580;25;2 362,51
14 585;25;2 362,51
14 590;25;2 362,51
14 595;25;2 362,51
14 600;25;2 362,51
14 605;25;2 362,51
14 610;25;2 362,51
14 615;25;2 362,51
14 620;25;2 362,51
14 625;25;2 362,51
14 630;25;2 362,51
14 635;25;2 362,51
14 640;25;2 362,51
14 645;25;2 362,51
14 650;25;2 362,51
14 655;25;2 362,51
14 660;25;2 362,51
14 665;25;2 362,51
14 670;25;2 362,51
14 675;25;2 362,51
14 680;25;2 362,51
14 685;25;2 362,51
14 690;25;2 362,51
14 695;25;2 362,51
14 700;25;2 362,51
14 705;25;2 362,51
14 710;25;2 362,51
14 715;25;2 362,51
14 720;25;2 362,51
14 725;25;2 362,51
14 730;25;2 362,51
14 735;25;2 362,51
14 740;25;2 362,51
14 745;25;2 362,51
14 750;25;2 362,51
14 755;25;2 362,51
14 760;25;2 362,51
14 765;25;2 362,51
14 770;25;2 362,51
14 775;25;2 362,51
14 780;25;2 362,51
14 785;25;2 362,51
14 790;25;2 362,51
14 795;25;2 362,51
14 800;25;2 362,51
14 805;25;2 362,51
14 810;25;2 362,51
14 815;25;2 362,51
14 820;25;2 362,51
14 825;25;2 362,51
14 830;25;2 362,51
14 835;25;2 362,51
14 840;25;2 362,51
14 845;25;2 362,51
14 850;25;2 362,51
14 855;25;2 362,51
14 860;25;2 362,51
14 865;25;2 362,51
14 870;25;2 362,51
14 875;25;2 362,51
14 880;25;2 362,51
14 885;25;2 362,51
14 890;25;2 362,51
14 895;25;2 362,51
14 900;25;2 362,51
14 905;25;2 362,51
14 910;25;2 362,51
14 915;25;2 362,51
14 920;25;2 362,51
14 925;25;2 362,51
14 930;25;2 362,51
14 935;25;2 362,51
14 940;25;2 362,51
14 945;25;2 362,51
14 950;25;2 362,51
14 955;25;2 362,51
14 960;25;2 362,51
14 965;25;2 362,51
14 970;25;2 362,51
14 975;25;2 362,51
14 980;25;2 362,51
14 985;25;2 362,51
14 990;25;2 362,51
14 995;25;2 362,51
15 000;25;2 362,51
